12
0   94  18  23  78  36  54  56  28  63  47  75    
94  0   35  27  71  37  18  75  57  89  17  57
18  35  0   65  32  92  66  50  75  7   30  93 
23  27  65  0   28  12  35  41  75  60  93  10 
78  71  32  28  0   46  74  98  59  39  24  30 
36  37  92  12  46  0   64  80  21  84  91  27 
54  18  66  35  74  64  0   60  35  37  76  84 
56  75  50  41  98  80  60  0   28  2   2   84 
28  57  75  75  59  21  35  28  0   46  36  14 
63  89  7   60  39  84  37  2   46  0   63  39 
47  17  30  93  24  91  76  2   36  63  0   62  
75  57  93  10  30  27  84  84  14  39  62  0
