20
0   94  18  23  78  36  54  56  28  63  47  75  44  24  33  10  85  94  34  23
94  0   35  27  71  37  18  75  57  89  17  57  27  44  39  67  100 34  85  35
18  35  0   65  32  92  66  50  75  7   30  93  19  31  37  42  81  64  65  78
23  27  65  0   28  12  35  41  75  60  93  10  39  1   10  70  68  27  81  76
78  71  32  28  0   46  74  98  59  39  24  30  8   42  15  51  38  26  34  26
36  37  92  12  46  0   64  80  21  84  91  27  23  48  72  86  36  97  41  88
54  18  66  35  74  64  0   60  35  37  76  84  13  60  89  23  48  63  19  22
56  75  50  41  98  80  60  0   28  2   2   84  11  57  75  47  40  28  10  15
28  57  75  75  59  21  35  28  0   46  36  14  38  36  25  35  57  55  71  53
63  89  7   60  39  84  37  2   46  0   63  39  10  44  65  56  9   85  85  100
47  17  30  93  24  91  76  2   36  63  0   62  35  75  90  31  34  32  92  39
75  57  93  10  30  27  84  84  14  39  62  0   46  29  11  44  11  58  50  100
44  27  19  39  8   23  13  11  38  10  35  46  0   62  83  28  55  25  37  99
24  44  31  1   42  48  60  57  36  44  75  29  62  0   11  27  73  81  14  79
33  39  37  10  15  72  89  75  25  65  90  11  83  11  0   55  10  2   50  25
10  67  42  70  51  86  23  47  35  56  31  44  28  27  55  0   92  76  10  57
85  100 81  68  38  36  48  40  57  9   34  11  55  73  10  92  0   74  86  37
94  34  64  27  26  97  63  28  55  85  32  58  25  81  2   76  74  0   4   99
34  85  65  81  34  41  19  10  71  85  92  50  37  14  50  10  86  4   0   76
23  35  78  76  26  88  22  15  53  100 39  100 99  79  25  57  37  99 76   0